id
388
389
343
344
324
302
340
393
392
311
299
375
366
315
341
346
368
374
320
365
332
387
301
314
377
313
328
308
319
327
394
334
317
416
349
295
432
403
325
400
312
294
338
390
402
326
304
370
310
386
411
316
383
329
330
337
323
342
398
345
363
364
369
381
424
406
318
335
293
305
303
296
298
378
307
306
300
399
379
395
420
410
428
430
429
433
322
382
423
333
431
407
409
405
367
426
21435
419
292
20646
350
361
372
336
352
380
357
373
376
347
353
354
355
356
358
360
362
422
425
391
404
331
396
427
142909
289
421
412
408
415
397
351
413
384
359
414
371
418
417
339
348
385
297
290
291
288
401
309