id
7
8
46
53
54
142
143
144
145
146
147
148
149
149908
153
154
155
157
162
163
164
165
166
167
168
182
183
184
185
186
187
9
10
11
12
13
14
15
16
17
18
19
21
22
23
24
25
26
27
33
34
35
36
37
38
39
40
41
42
43
44
45
47
49
50
51
52
150
151
152
158
159
160
161
169
28
29
30
31
32
76
77
78
80
81
82
84
85
86
88
89
90
91
92
93
94
95
96
97
98
99
100
101
167189
102
103
104
105
106
107
108
109
110
111
112
113
114
115
116
117
118
121
55
56
57
58
59
60
61
62
63
64
65
66
68
69
70
71
72
73
74
75
119
120
122
123
124
125
126
127
128
129
130
131
170
132
133
134
135
136
137
138
139
140
141
2
3
4
5
6
171
172
155089
174
175
176
177
178
179
181